procs -----------memory---------- ---swap-- -----io---- -system-- -------cpu-------
 r  b   swpd   free   buff  cache   si   so    bi    bo   in   cs us sy id wa st gu
 1  0    616 1248576 405616 7291444    0    0  3006  1008 2991    2 23  0 76  0  0  0
 2  0    616 1319396 405640 6910240    0    0  1382    48 6365 4102 27  3 70  0  0  0
 4  0    616 1256984 405648 6911128    0    0   126    46 6067 4081 38  1 61  0  0  0
10  0    616 1153384 406088 6949996    0    0  4980    19 7519 3633 57  1 41  0  0  0
 4  0    616 1345972 406116 6949988    0    0     0   290 5697 3447 37  1 61  0  0  0
 9  0    616 1162388 406144 6950028    0    0     4   267 6825 3519 50  1 49  0  0  0
10  0    616 1155780 406152 6950028    0    0     0   121 8758 3100 80  1 18  0  0  0
11  0    616 1163308 406168 6949916    0    0     0    17 8653 3146 80  1 18  0  0  0
13  0    616 1167664 406200 6949916    0    0     0    36 8853 3144 80  2 19  0  0  0
 5  0    616 1305392 406224 6949960    0    0     0    26 8725 3323 79  2 19  0  0  0
 5  0    616 1308100 406240 6949968    0    0     0  2776 8016 3115 68  1 30  0  0  0
 5  0    616 1241164 406416 6992584    0    0  1881  5051 8619 3970 70  2 28  0  0  0
 6  0    616 840888 406468 7010504    0    0  3514   138 8800 3743 76  2 21  1  0  0
 6  0    616 1384852 406360 6724412    0    0  1334   170 10255 3816 78  5 17  0  0  0
 6  0    616 1410960 406368 6724416    0    0     0    10 8697 3077 80  1 18  0  0  0
 7  0    616 1434476 406384 6724416    0    0     0    15 8959 3332 81  1 18  0  0  0
18  0    616 1431056 406392 6724416    0    0     0    10 8678 3185 80  1 19  0  0  0
 6  0    616 1390520 406432 6724432    0    0     0    34 8921 3484 82  2 16  0  0  0
 6  0    616 1385796 406472 6724468    0    0    10  3517 8846 3302 80  1 19  0  0  0
 6  0    616 1384576 406496 6728324    0    0   725    32 8821 3350 83  2 15  0  0  0
 7  0    616 1350148 406540 6728512    0    0    26    69 8851 3635 83  1 15  0  0  0
procs -----------memory---------- ---swap-- -----io---- -system-- -------cpu-------
 r  b   swpd   free   buff  cache   si   so    bi    bo   in   cs us sy id wa st gu
 6  0    616 1366996 406556 6728524    0    0     0    24 8667 3197 82  2 16  0  0  0
 6  0    616 1366312 406560 6728988    0    0    67    29 9038 5329 82  7 11  0  0  0
 6  0    616 1363088 406600 6729068    0    0    16   475 8957 3748 81  2 17  0  0  0
 6  0    616 1362792 406616 6729076    0    0     0    22 8859 3371 81  1 18  0  0  0
 8  0    616 1501928 406616 6729116    0    0     0    77 8573 3141 77  1 22  0  0  0
